[48;5;20m                                                                                [m
[38;5;231;48;5;20m            ∞∞±±±±∞∞                       ∞∞±±±±∞∞     [38;5;229m([38;5;142m)   [38;5;229m([38;5;142m)   [38;5;229m([38;5;142m)    [38;5;63m]8;;http://www.phm.lu/PHM.lu]8;;  [m
[38;5;231;48;5;20m          ∞∞±±∞∞∞±±±±∞∞                  ∞∞±±∞∞∞±±±±∞∞                          [m
[38;5;231;48;5;20m                                                               ∞∞±±±∞           [m
[38;5;231;48;5;20m                     ∞∞±±±∞                                                     [m
[48;5;20m                                                                                [m
[38;5;231;48;5;20m    ∞±±∞∞                          ∞∞±±∞       [4m[38;5;208;48;5;16mﬂ[38;5;88;48;5;130mﬂ[38;5;208;48;5;16mﬂ[38;5;88;48;5;130mﬂ[38;5;208;48;5;16mﬂ[38;5;88;48;5;130mﬂ[38;5;208;48;5;16mﬂ[38;5;88;48;5;130mﬂ[38;5;208;48;5;16mﬂ[38;5;88;48;5;130mﬂ[38;5;208;48;5;16mﬂ[38;5;88;48;5;130mﬂ[38;5;208;48;5;16mﬂ[38;5;88;48;5;130mﬂ[38;5;208;48;5;16mﬂ[38;5;88;48;5;130mﬂ[38;5;208;48;5;16mﬂ[38;5;88;48;5;130mﬂ[38;5;208;48;5;16mﬂ[38;5;88;48;5;130mﬂ[38;5;208;48;5;16mﬂ[38;5;88;48;5;130mﬂ[38;5;208;48;5;16mﬂ[38;5;88;48;5;130mﬂ[38;5;208;48;5;16mﬂ[38;5;88;48;5;130mﬂ[38;5;208;48;5;16mﬂ[38;5;88;48;5;130mﬂ[24m[48;5;20m     [m
[48;5;20m                                               [38;5;214;48;5;130mﬂ[38;5;208;48;5;88m‹ﬂ‹ﬂ‹ﬂ‹ﬂ‹ﬂ‹[48;5;20mﬂ[38;5;88mﬂ[38;5;208mﬂ[38;5;88mﬂ[38;5;208mﬂ[48;5;88m‹ﬂ‹ﬂ‹ﬂ‹ﬂ‹ﬂ[38;5;130;48;5;16m‹[48;5;20m     [m
[38;5;88;48;5;20m               ﬁ   [38;5;130;48;5;16m›[38;5;88;48;5;20m›                          [38;5;214;48;5;130mﬂ[38;5;208;48;5;88m‹ﬂ‹ﬂ‹ﬂ‹[48;5;20mﬂ[38;5;88mﬂ         ﬂ[38;5;208mﬂ[48;5;88m‹ﬂ‹ﬂ‹ﬂ[38;5;130;48;5;16m‹[48;5;20m     [m
[38;5;88;48;5;20mﬁ›‹ﬁﬁﬁ›‹ﬁ.[38;5;130mﬁ[38;5;88m›‹ﬁ [38;5;130;48;5;16m›[38;5;88;48;5;20m›‹[38;5;130mﬁ[38;5;88;48;5;16m'ﬁ[48;5;20m ‹ﬁ.[38;5;130mﬁ[38;5;88m›‹[38;5;130mﬁ[38;5;88;48;5;16mﬁ[48;5;20mﬁ›‹ﬁ›ﬁ›‹ﬁ.ﬁ›‹ﬁﬁﬁ›[38;5;130mﬂ[48;5;16m‹[38;5;208mﬂ[48;5;88m‹ﬂ‹[48;5;20mﬂ[38;5;88mﬁ›‹ﬁﬁﬁ›‹ﬁ›ﬁ›‹ﬁ.[38;5;208mﬂ[48;5;88m‹ﬂ‹ﬂ[38;5;130;48;5;16m‹[38;5;88;48;5;20mﬁ›‹ﬁ›[m
[38;5;22;48;5;16m‹[38;5;112m_[38;5;88mﬂ[38;5;28m ‹   [38;5;112m_[38;5;88mﬂ [38;5;22m‹ [38;5;88m'ﬂ[38;5;112m_  [38;5;28m‹ [38;5;88m "[38;5;112m_ [38;5;88mﬂ[38;5;22m‹   [38;5;112m_[38;5;88m'[38;5;28m‹[38;5;88m  '"   ﬂ    ﬂ  ﬂ [38;5;214;48;5;130mﬂ[38;5;208;48;5;88m‹ﬂ[38;5;88;48;5;16mﬂ     ﬂ    "[38;5;28m_‹[38;5;88m  ﬂ ﬂ[38;5;208;48;5;88mﬂ‹ﬂ[38;5;130;48;5;16m‹[38;5;88;48;5;16m  ﬂ  [m
[38;5;154;48;5;28m([38;5;76m_[38;5;22m)[38;5;154m([38;5;76m#[38;5;22m)[38;5;76;48;5;16m‹[48;5;28;38;5;154m([38;5;76mÍ[38;5;22m)[38;5;154m([38;5;76m#[38;5;22m)[38;5;76;48;5;16m‹[48;5;28;38;5;154m([38;5;76m_[38;5;22m)[38;5;154m([38;5;76m#[38;5;22m)[38;5;76;48;5;16m‹[48;5;28;38;5;154m([38;5;76mÍ[38;5;22m)[38;5;154m([38;5;76m#[38;5;22m)[38;5;76;48;5;16m‹[48;5;28;38;5;154m([38;5;76m_[38;5;22m)[38;5;88;48;5;22m‹[48;5;117mﬂ[38;5;39;48;5;153m±±±±±±±±±±±±±±±±[38;5;214;48;5;130mﬂ[38;5;208;48;5;88m‹ﬂ[38;5;39;48;5;153m±±[38;5;88;48;5;117mﬂ[48;5;16m‹€[38;5;166mﬁ[38;5;88m‹ﬁ[38;5;166mﬁ[38;5;88m›€[38;5;76mﬂ[48;5;28;38;5;154m([38;5;76mÍ[38;5;22m)[38;5;154m([38;5;76m#[38;5;22m)[38;5;76;48;5;16m‹[38;5;208;48;5;88mﬂ‹ﬂ[38;5;130;48;5;16m‹[38;5;166;48;5;16mﬁ[38;5;88m›‹[38;5;166mﬁ[38;5;88m›[m
[38;5;88;48;5;16m€[38;5;130mﬁ[38;5;88m€ﬁ[38;5;130mﬁ[38;5;88m€›€[38;5;130mﬁ[38;5;88m€ﬁ[38;5;130mﬁ[38;5;88m€›€[38;5;130mﬁ[38;5;88m€ﬁ[38;5;130mﬁ[38;5;88m›€[38;5;130mﬁ[38;5;76;48;5;88m*[38;5;88;48;5;16mﬁ[38;5;130mﬁ[38;5;88;48;5;76m‹[48;5;16m›[38;5;76;48;5;88m˘[38;5;130;48;5;16mﬁ[38;5;88m€[38;5;130mﬁ[38;5;88m€[38;5;39;48;5;153m±±±±±±±±±±±±±±±±±[38;5;214;48;5;130mﬂ[38;5;208;48;5;88m‹ﬂ[38;5;39;48;5;153m±±±[38;5;88;48;5;16m€›€[38;5;130mﬁ[38;5;88m ‹ﬁ[38;5;130mﬁ[38;5;88m›€[38;5;130mﬁ[38;5;76;48;5;88m*[38;5;88;48;5;16m[38;5;130mﬁ[38;5;88;48;5;76m‹[48;5;16mﬁ[38;5;130mﬁ[38;5;208;48;5;88mﬂ‹ﬂ[38;5;130;48;5;16m‹[38;5;88;48;5;16m€[38;5;130mﬁ[38;5;88m€ﬁ[38;5;130mﬁ[m
[38;5;153;48;5;39m∞∞∞∞∞∞∞∞∞∞∞∞∞∞∞∞∞∞∞∞∞∞∞∞∞∞∞∞∞∞∞∞∞∞∞∞∞∞∞∞∞∞∞∞∞∞∞∞∞[38;5;214;48;5;130mﬂ[38;5;208;48;5;88m‹ﬂ[38;5;153;48;5;39m∞∞∞∞∞∞∞∞∞∞∞∞∞∞∞∞∞∞∞[38;5;208;48;5;88mﬂ‹ﬂ[38;5;130;48;5;16m‹[38;5;153;48;5;39m∞∞∞∞∞[m
[38;5;76;48;5;28mﬁﬁﬁﬁﬁﬁﬁﬁﬁﬁﬁﬁﬁﬁﬁﬁﬁﬁﬁ[38;5;34;48;5;39m‹[38;5;37m‹[38;5;153m-_-_-_-_-_-_-_-_-_-_-_-_-_-_[38;5;214;48;5;130mﬂ[38;5;208;48;5;88m‹ﬂ‹[38;5;153;48;5;39m-_-_-_-_-_-_-_-_-[38;5;208;48;5;88m‹ﬂ[38;5;130m‹[48;5;16mﬂ[38;5;16;48;5;39mﬂ[38;5;153m_-_-_[m
[38;5;208;48;5;16m‹[38;5;130;48;5;88mﬂ[38;5;208;48;5;16m‹[38;5;130;48;5;88mﬂ[38;5;208;48;5;16m‹[38;5;130;48;5;88mﬂ[38;5;208;48;5;16m‹[38;5;130;48;5;88mﬂ[38;5;208;48;5;16m‹[38;5;130;48;5;88mﬂ[38;5;208;48;5;16m‹[38;5;130;48;5;88mﬂ[38;5;208;48;5;16m‹[38;5;130;48;5;88mﬂ[38;5;208;48;5;16m‹[38;5;58mﬂ[38;5;130;48;5;22m‹[38;5;58;48;5;16mﬂ[38;5;130;48;5;22m‹[38;5;76;48;5;28mﬁﬁﬁﬁﬁﬁﬁﬁ[38;5;34;48;5;39m‹[38;5;36m‹[38;5;38m‹[38;5;153m- _ - _ - _ - _ - _ [38;5;16mﬂ[38;5;208;48;5;16mﬂ[48;5;88m‹ﬂ[48;5;39m‹[38;5;153m- _ - _ - _ -[38;5;208m‹[48;5;88mﬂ[38;5;130m‹[48;5;16mﬂ[38;5;16;48;5;39mﬂ[38;5;153m_ - _ -[m
[38;5;208;48;5;88m‹ﬂ‹ﬂ‹ﬂ‹ﬂ‹ﬂ‹ﬂ‹ﬂ‹ﬂ‹ﬂ‹ﬂ[48;5;16m‹[38;5;130;48;5;88mﬂ[38;5;208;48;5;16m‹[38;5;58mﬂ[38;5;130;48;5;22m‹[38;5;58;48;5;16mﬂ[38;5;130;48;5;22m‹[38;5;76;48;5;28mﬁﬁﬁﬁﬁﬁ[38;5;34;48;5;39m‹[38;5;36m‹[38;5;38m‹[38;5;153m-  ƒ[38;5;111mƒ[38;5;153m  -  ƒ[38;5;111mƒ[38;5;153m  - [38;5;130;48;5;16m‹[38;5;172;48;5;16mﬂ[38;5;130;48;5;52m‹[38;5;172;48;5;16mﬂ[38;5;130;48;5;52m‹[38;5;16;48;5;39m‹[38;5;130m‹[38;5;153m ƒ[38;5;111mƒ[38;5;153m -[38;5;208m‹[38;5;88m‹[38;5;208;48;5;88m‹ﬂ[38;5;130m‹[48;5;16mﬂ[38;5;16;48;5;39mﬂ[38;5;153m- ƒ[38;5;111mƒ[38;5;153m - ƒ[38;5;111mƒ[m
[38;5;208;48;5;88m‹ﬂ‹ﬂ‹ﬂ‹ﬂ‹ﬂ‹ﬂ‹ﬂ‹ﬂ‹ﬂ‹ﬂ‹ﬂ‹ﬂ‹ﬂ‹ﬂ[48;5;16m‹[38;5;130;48;5;88mﬂ[38;5;208;48;5;16m‹[38;5;58;48;5;16mﬂ[38;5;130;48;5;22m‹[38;5;76;48;5;28mﬁﬁﬁﬁﬁﬁﬁﬁﬁﬁﬁﬁﬁﬁﬁﬁﬁ[38;5;208;48;5;88m‹ﬂ‹ﬂ‹ﬂ‹ﬂ‹ﬂ‹ﬂ‹ﬂ‹ﬂ‹[38;5;130;48;5;16mﬂ‹[38;5;52mﬂ[38;5;16;48;5;88m≤±[38;5;208m‹[38;5;76;48;5;28mﬁﬁﬁﬁﬁﬁﬁ[m
[38;5;208;48;5;88m‹ﬂ‹ﬂ‹ﬂ‹ﬂ‹[38;5;130;48;5;16mﬂ[38;5;166m‹[38;5;130;48;5;52mﬂ[38;5;166;48;5;16m‹[38;5;130;48;5;52mﬂ[38;5;166;48;5;16m‹[38;5;130;48;5;52mﬂ[38;5;166;48;5;16m‹[38;5;214;48;5;130mﬂ[38;5;208;48;5;88m‹ﬂ‹ﬂ‹ﬂ‹ﬂ‹ﬂ‹ﬂ‹ﬂ‹ﬂ[48;5;16m‹[38;5;130;48;5;88mﬂ[38;5;208;48;5;16m‹[38;5;130;48;5;88mﬂ[38;5;208;48;5;16m‹[38;5;130;48;5;88mﬂ[38;5;208;48;5;16m‹[38;5;130;48;5;88mﬂ[38;5;208;48;5;16m‹[38;5;130;48;5;88mﬂ[38;5;208;48;5;16m‹[38;5;130;48;5;88mﬂ[38;5;208;48;5;16m‹[38;5;130;48;5;88mﬂ[38;5;208;48;5;16m‹[48;5;88mﬂ‹ﬂ‹ﬂ‹ﬂ‹ﬂ‹ﬂ‹ﬂ‹ﬂ‹ﬂ‹[38;5;130;48;5;16mﬂ‹[38;5;52mﬂ[38;5;16;48;5;88m≤±[38;5;208m‹ﬂ[48;5;16m‹[38;5;130;48;5;88mﬂ[38;5;208;48;5;16m‹[38;5;130;48;5;88mﬂ[38;5;208;48;5;16m‹[38;5;130;48;5;88mﬂ[m
[38;5;208;48;5;88m‹ﬂ‹ﬂ‹ﬂ‹ﬂ‹[38;5;130;48;5;16mﬂ[38;5;166;48;5;52m‹[38;5;214;48;5;130mﬂ[38;5;208;48;5;130m‹[38;5;214;48;5;88mﬂ[38;5;208;48;5;130m‹[38;5;214;48;5;88mﬂ[38;5;208;48;5;130m‹[38;5;214;48;5;88mﬂ[38;5;208m‹ﬂ‹ﬂ‹ﬂ‹ﬂ‹ﬂ‹ﬂ‹ﬂ‹ﬂ‹ﬂ‹ﬂ‹ﬂ‹ﬂ‹ﬂ‹ﬂ‹ﬂ‹ﬂ‹ﬂ‹ﬂ‹ﬂ‹ﬂ‹ﬂ‹ﬂ‹ﬂ‹ﬂ‹[38;5;130;48;5;16mﬂ‹[38;5;52mﬂ[38;5;16;48;5;88m≤±[38;5;208m‹ﬂ‹ﬂ‹ﬂ‹ﬂ[m
[38;5;208;48;5;88m‹ﬂ‹ﬂ‹ﬂ‹ﬂ‹[38;5;214mﬂ[38;5;208;48;5;130m‹[38;5;214;48;5;88mﬂ[38;5;208m‹ﬂ‹ﬂ‹ﬂ‹ﬂ‹ﬂ‹ﬂ‹ﬂ‹ﬂ‹ﬂ‹ﬂ‹ﬂ‹ﬂ‹ﬂ‹ﬂ‹ﬂ‹ﬂ‹ﬂ‹ﬂ‹ﬂ‹ﬂ‹ﬂ‹ﬂ‹ﬂ‹ﬂ‹ﬂ‹ﬂ‹ﬂ‹[38;5;130;48;5;16mﬂ‹[38;5;52mﬂ[38;5;16;48;5;88m≤±[38;5;208m‹ﬂ‹ﬂ‹ﬂ‹ﬂ[m

Sonic the hedgehog - Green Hill Zone  (256 colors version)
by Philippe Majerus (www.phm.lu)
