[48;2;81;79;80mџџџџџџџџџџџџџџџџџџџџџџџџџџџџџџџџџџџџџџџџџџџџџџџџџџ[m
[48;2;81;79;80mџџџџџџџџџџџџџџџџџџџџџџџџџџџџџџџџџџџџџџџџџџџџџџџџџџ[m
[48;2;81;79;80mџџџ[38;2;215;204;182mмппппппппппппппмџџммммџџџџџџџџџџџџџџџџџџџџџџџџџ[m
[48;2;81;79;80mџџџ[38;2;215;204;182mлџџ[38;2;227;40;47mлл[38;2;231;103;68mлл[38;2;244;200;31mлл[38;2;78;180;70mлл[38;2;2;163;233mллџџ[38;2;215;204;182mлџџлмммпџмппмџлџџџлџмпплџлўпўџџџ[m
[48;2;81;79;80mџџџ[38;2;215;204;182mлџџ[38;2;227;40;47mлл[38;2;231;103;68mлл[38;2;244;200;31mлл[38;2;78;180;70mлл[38;2;2;163;233mллџџ[38;2;215;204;182mлџџлџџџџџлџџлџлџлџлџлпп[7mў[27mџлџџџџџџ[m
[48;2;81;79;80mџџџ[38;2;215;204;182mлџџ[38;2;227;40;47mлл[38;2;231;103;68mлл[38;2;244;200;31mлл[38;2;78;180;70mлл[38;2;2;163;233mллџџ[38;2;215;204;182mлџџпџџџџџџппџџџппппџџпппџпџџџџџџ[m
[48;2;81;79;80mџџџ[38;2;215;204;182mлџџммџџммџџммџџлџџмммммџџџџџџџџџџџџџџџџџџџџџџџџ[m
[48;2;81;79;80mџџџ[38;2;215;204;182mлџџппџџппџџппџџлџџџџлџџџмппмџлџџлџмпппџџџџџџџџџ[m
[48;2;81;79;80mџџџ[38;2;215;204;182mлџџллџџллџџллџџлџџџџлџџџлџџлџпммлџџппмџџџџџџџџџ[m
[48;2;81;79;80mџџџ[38;2;215;204;182mпммммммммммммммпџџџџпџџџџппџџмммпџпппџџџџџџџџџџ[m
[48;2;81;79;80mџџџџџџџџџџџџџџџџџџџџџџџџџџџџџџџџџџџџџџџџџџџџџџџџџџ[m
[48;2;81;79;80mџџџџџџџџџџџџџџџџџџџџџџџџџџџџџџџџџџџџџџџџџџџџџџџџџџ[m
