[0;38;5;16m  🬞🬱[39m          
  [38;5;16;48;5;231m▌[38;5;59;48;5;145m▌[38;5;16;49m▌🬞🬭🬇🬹🬏[39m    
  [38;5;16;48;5;231m▌[38;5;59;48;5;145m▌[38;5;16;49m🬺🬹[48;5;33m🬄🬊🬄🬨[49m🬞[39m   
  [38;5;16;48;5;231m▌[38;5;59;48;5;145m▌[38;5;16;48;5;21m▌[38;5;33m🬎🬆[38;5;226m🬷[38;5;33m🬊🬪[38;5;16;48;5;33m🬨[39;49m   
  [38;5;16;48;5;231m▌[38;5;59;48;5;145m▌[38;5;16;48;5;21m▌[38;5;118;48;5;52m🬅[38;5;16;48;5;226m🬩[38;5;202m🬹[38;5;16m🬚[38;5;118;48;5;21m🬋[38;5;16;49m▌[39m   
 [38;5;16m▐[48;5;145m🬛[48;5;226m🬊[48;5;202m🬲[48;5;231;38;5;223m🬐[38;5;16m▐[38;5;215;48;5;223m🬂[38;5;16;48;5;231m🬲[48;5;202m🬷[49m🬭🬭🬭🬏[39m
 [38;5;16;48;5;33m▌[38;5;226;48;5;21m🬸🬬[48;5;33m🬐[48;5;215;38;5;231m🬁[48;5;223m🬀 [38;5;16m▐[48;5;52;38;5;226m🬕[48;5;21m🬰[38;5;228m🬎[38;5;226m🬊[38;5;16;49m▌[39m
 [38;5;16;48;5;202m🬕[38;5;223;48;5;215m🬇[38;5;21m🬁[38;5;16;48;5;33m🬹[48;5;145;38;5;202m🬂[38;5;215;48;5;188m🬂🬂[38;5;16;48;5;145m🬨[48;5;52;38;5;226m🬕[48;5;21m🬞🬵[38;5;228m🬺[38;5;16;49m▌[39m
 [38;5;16m🬊[48;5;202m🬭🬵[48;5;160m🬶[38;5;59;48;5;145m🬛[48;5;188m🬍🬌[48;5;16m▌[48;5;52;38;5;226m🬲[48;5;21m 🬸[38;5;228m🬬[38;5;16;49m▌[39m
   [38;5;16m🬬[48;5;202;38;5;59m🬎[48;5;145m🬺[48;5;188m🬭🬵[48;5;202m🬎[48;5;16;38;5;226m🬁[48;5;21m🬪[38;5;228m🬭[38;5;226m🬖[38;5;16;49m🬄[39m
   [38;5;16;48;5;188m🬕[38;5;160;48;5;145m🬂[48;5;59m🬊[38;5;52;49m🬝[48;5;160m🬲[38;5;145m🬹[38;5;188;48;5;59m🬓[38;5;16;49m🬕🬂🬀[39m 
  [38;5;16m🬦[48;5;188m🬰[48;5;145m🬰[48;5;59m🬵[49m🬄🬬[48;5;145m🬯[48;5;188m🬰[49m🬺[39m   